GPS = 40.01651623534572,-83.00678062184448
height = 115
rotation = 254
