GPS = 40.01265557035238,-83.00969233386985
height = 70
rotation = 358
