GPS = 40.012654543823736,-83.00969099268514
height = 70
rotation = 358
