GPS = 40.012654543823736,-83.00969367505456
height = 70
rotation = 358
