GPS = 40.01265557035238,-83.00969367505456
height = 69
rotation = 358
