GPS = 40.012654543823736,-83.00969233386985
height = 70
rotation = 358
