GPS = 40.01265351729508,-83.00969233386985
height = 70
rotation = 0
