GPS = 40.01383914760391,-83.00588471045207
height = 92
rotation = 76
