GPS = 40.01384120062554,-83.00587666334374
height = 92
rotation = 75
