GPS = 40.013844280157876,-83.00586325149656
height = 92
rotation = 74
