GPS = 40.01384838620076,-83.00585118083409
height = 92
rotation = 74
