GPS = 40.013846333179345,-83.00585520438824
height = 92
rotation = 74
