GPS = 40.013845306668614,-83.00585922794241
height = 92
rotation = 74
