GPS = 40.01384941271146,-83.00584715727993
height = 92
rotation = 73
