GPS = 40.01384017411473,-83.00588068689791
height = 92
rotation = 75
