GPS = 40.01384325364712,-83.00586861623543
height = 92
rotation = 75
