GPS = 40.01384222713634,-83.00587263978959
height = 92
rotation = 75
