GPS = 40.01651212946333,-83.00679135132224
height = 115
rotation = 254
