GPS = 40.01651007652205,-83.00679805724582
height = 115
rotation = 254
