GPS = 40.016508023580705,-83.00680342198471
height = 115
rotation = 253
