GPS = 40.016514182404556,-83.00678598658337
height = 115
rotation = 254
