GPS = 40.016517261816276,-83.00677793947504
height = 116
rotation = 255
