GPS = 40.016509050051376,-83.00680073961527
height = 115
rotation = 253
