GPS = 40.01651520887515,-83.00678330421393
height = 115
rotation = 254
