GPS = 40.016511102992695,-83.00679403369168
height = 115
rotation = 254
