GPS = 40.01651315593395,-83.0067886689528
height = 115
rotation = 254
