GPS = 40.014115278459016,-83.00798768809176
height = 133
rotation = 289
