GPS = 40.01412657003155,-83.00799841756951
height = 133
rotation = 292
