GPS = 40.014121437498815,-83.00799305283063
height = 133
rotation = 290
