GPS = 40.01411733147234,-83.00798902927647
height = 133
rotation = 289
