GPS = 40.01412246400539,-83.00799439401534
height = 133
rotation = 291
