GPS = 40.01411835797899,-83.00799037046119
height = 133
rotation = 289
