GPS = 40.01412349051195,-83.00799573520007
height = 133
rotation = 291
