GPS = 40.01411938448561,-83.00799171164591
height = 133
rotation = 290
