GPS = 40.01412554352503,-83.0079970763848
height = 133
rotation = 291
