GPS = 40.014114251952336,-83.00798634690703
height = 132
rotation = 288
