GPS = 40.01597733617115,-83.00993240593459
height = 124
rotation = 191
