GPS = 40.01599068039256,-83.00992972356515
height = 124
rotation = 193
