GPS = 40.01599581278472,-83.00992838238041
height = 124
rotation = 195
