GPS = 40.01598041560709,-83.00993240593459
height = 124
rotation = 191
