GPS = 40.0159824685643,-83.00993106474986
height = 124
rotation = 192
