GPS = 40.015992733349485,-83.00992972356515
height = 124
rotation = 194
