GPS = 40.015997865741475,-83.00992838238041
height = 124
rotation = 195
