GPS = 40.0160009451765,-83.0099270411957
height = 124
rotation = 196
