GPS = 40.015985548000025,-83.00993106474986
height = 124
rotation = 192
