GPS = 40.01598760095709,-83.00992972356515
height = 124
rotation = 193
