GPS = 40.0136348716427,-83.01056544512204
height = 142
rotation = 196
