GPS = 40.01365334889047,-83.01056008038317
height = 143
rotation = 200
