GPS = 40.01364718980843,-83.01056142156789
height = 143
rotation = 199
