GPS = 40.01366156099898,-83.010556056829
height = 143
rotation = 201
