GPS = 40.01363795118434,-83.01056544512204
height = 143
rotation = 197
