GPS = 40.013656428431275,-83.01055873919843
height = 143
rotation = 200
