GPS = 40.01365950797196,-83.01055739801373
height = 143
rotation = 201
