GPS = 40.01364103072584,-83.01056410393733
height = 143
rotation = 198
