GPS = 40.01365026934952,-83.01056142156789
height = 143
rotation = 199
