GPS = 40.01364411026721,-83.01056276275261
height = 143
rotation = 198
