GPS = 40.0132930416566,-83.01049570351665
height = 142
rotation = 178
