GPS = 40.01330843944054,-83.01049838588608
height = 142
rotation = 178
