GPS = 40.01330125380847,-83.01049704470137
height = 142
rotation = 178
