GPS = 40.013288935580306,-83.01049436233193
height = 142
rotation = 178
