GPS = 40.013297147732665,-83.01049570351665
height = 142
rotation = 178
