GPS = 40.01330433336517,-83.01049838588608
height = 142
rotation = 178
