GPS = 40.01331665159057,-83.01050106825552
height = 142
rotation = 178
