GPS = 40.01332486373959,-83.01050240944025
height = 142
rotation = 178
