GPS = 40.01331254551568,-83.0104997270708
height = 142
rotation = 178
