GPS = 40.012698684541355,-83.00929400200825
height = 142
rotation = 81
