GPS = 40.0133207576652,-83.01050106825552
height = 142
rotation = 178
